7.35889149 -6.92579079 4.95830917 -0.89779950 0.36160305 -0.25139470 5.00000000
7.35889149 -6.92579079 4.95830917 -0.86555542 0.42935598 -0.25781245 5.00000000
7.35889149 -6.92579079 4.95830917 -0.82657469 0.49762025 -0.26296077 5.00000000
7.35889149 -6.92579079 4.95830917 -0.78087588 0.56495527 -0.26656782 5.00000000
7.35889149 -6.92579079 4.95830917 -0.72888314 0.62982310 -0.26842546 5.00000000
7.35889149 -6.92579079 4.95830917 -0.67143642 0.69074130 -0.26842056 5.00000000
7.35889149 -6.92579079 4.95830917 -0.60973198 0.74644235 -0.26655342 5.00000000
7.35889149 -6.92579079 4.95830917 -0.54520096 0.79600230 -0.26293773 5.00000000
7.35889149 -6.92579079 4.95830917 -0.47935357 0.83890915 -0.25778206 5.00000000
7.35889149 -6.92579079 4.95830917 -0.41362604 0.87506138 -0.25135848 5.00000000
7.35889149 -6.92579079 4.95830917 -0.87952708 0.33862847 -0.33430956 5.00000000
7.35889149 -6.92579079 4.95830917 -0.84668472 0.40674035 -0.34305579 5.00000000
7.35889149 -6.92579079 4.95830917 -0.80703364 0.47553967 -0.35008387 5.00000000
7.35889149 -6.92579079 4.95830917 -0.76060012 0.54355520 -0.35501437 5.00000000
7.35889149 -6.92579079 4.95830917 -0.70783144 0.60920324 -0.35755568 5.00000000
7.35889149 -6.92579079 4.95830917 -0.64960593 0.67094773 -0.35754898 5.00000000
7.35889149 -6.92579079 4.95830917 -0.58716883 0.72746928 -0.35499467 5.00000000
7.35889149 -6.92579079 4.95830917 -0.52200248 0.77780250 -0.35005241 5.00000000
7.35889149 -6.92579079 4.95830917 -0.45566137 0.82140969 -0.34301434 5.00000000
7.35889149 -6.92579079 4.95830917 -0.38961178 0.85817991 -0.33426024 5.00000000
7.35889149 -6.92579079 4.95830917 -0.85399616 0.31260582 -0.41589442 5.00000000
7.35889149 -6.92579079 4.95830917 -0.82043690 0.38035392 -0.42686555 5.00000000
7.35889149 -6.92579079 4.95830917 -0.78014456 0.44894506 -0.43568658 5.00000000
7.35889149 -6.92579079 4.95830917 -0.73317056 0.51691881 -0.44187767 5.00000000
7.35889149 -6.92579079 4.95830917 -0.67998749 0.58269204 -0.44506965 5.00000000
7.35889149 -6.92579079 4.95830917 -0.62149649 0.64471903 -0.44506123 5.00000000
7.35889149 -6.92579079 4.95830917 -0.55895976 0.70166229 -0.44185294 5.00000000
7.35889149 -6.92579079 4.95830917 -0.49386793 0.75253312 -0.43564707 5.00000000
7.35889149 -6.92579079 4.95830917 -0.42777335 0.79676858 -0.42681354 5.00000000
7.35889149 -6.92579079 4.95830917 -0.36213001 0.83423326 -0.41583257 5.00000000
7.35889149 -6.92579079 4.95830917 -0.82164732 0.28408807 -0.49415550 5.00000000
7.35889149 -6.92579079 4.95830917 -0.78729122 0.35077019 -0.50708264 5.00000000
7.35889149 -6.92579079 4.95830917 -0.74642439 0.41841984 -0.51747026 5.00000000
7.35889149 -6.92579079 4.95830917 -0.69913880 0.48562787 -0.52475757 5.00000000
7.35889149 -6.92579079 4.95830917 -0.64593219 0.55085835 -0.52851366 5.00000000
7.35889149 -6.92579079 4.95830917 -0.58771030 0.61260133 -0.52850375 5.00000000
7.35889149 -6.92579079 4.95830917 -0.52571813 0.66953752 -0.52472847 5.00000000
7.35889149 -6.92579079 4.95830917 -0.46141021 0.72067558 -0.51742375 5.00000000
7.35889149 -6.92579079 4.95830917 -0.39629024 0.76543019 -0.50702137 5.00000000
7.35889149 -6.92579079 4.95830917 -0.33175863 0.80362839 -0.49408260 5.00000000
7.35889149 -6.92579079 4.95830917 -0.78340081 0.25380373 -0.56733309 5.00000000
7.35889149 -6.92579079 4.95830917 -0.74823748 0.31879930 -0.58181413 5.00000000
7.35889149 -6.92579079 4.95830917 -0.70691611 0.38485013 -0.59343069 5.00000000
7.35889149 -6.92579079 4.95830917 -0.65957900 0.45063253 -0.60156951 5.00000000
7.35889149 -6.92579079 4.95830917 -0.60674493 0.51469815 -0.60576100 5.00000000
7.35889149 -6.92579079 4.95830917 -0.54930516 0.57561345 -0.60574995 5.00000000
7.35889149 -6.92579079 4.95830917 -0.48845552 0.63211108 -0.60153702 5.00000000
7.35889149 -6.92579079 4.95830917 -0.42557504 0.68321854 -0.59337872 5.00000000
7.35889149 -6.92579079 4.95830917 -0.36207873 0.72833447 -0.58174556 5.00000000
7.35889149 -6.92579079 4.95830917 -0.29927873 0.76724060 -0.56725135 5.00000000
